$ANSIBLE_VAULT;1.1;AES256
31623763343231386361613930643230323831653130366461336361613633623962626562316433
3264393738303263393765613133383766303730333637390a623864306137326335313336613263
32383661373339363665636637333433316134323531633534393930316531383865356338666363
3535653163613435350a356164646364316161633032636565373962663434626635353534316339
33326562316432313036626236633562343035386530356130623534363433643866306239303863
34646164316239383036613862663831623930323630633164336630643434313561623038623235
66346334616664333139643161343933633833343634373032653630616135323536653636396233
65306239333334663165643166366135373765383333626339393566643837663938356438356231
35613164353832643234383735363535383537336462316236663566333133616463613838633137
32303461646165313234636233306465383163353530313535373132386137326666313636363133
346263393436633239386437326536333330
